0.0	0.0	0.0	0.42985	0.0	0.27385	0.14165	0.2367	0.61004996	0.0	0.0	0.4932	0.0	0.0	0.51935	0.0	0.33985	0.0	0.0	0.0346	0.0	0.0	0.0	0.0	0.06895	
0.0	0.0	0.0	0.0	0.0	0.0	0.27125	0.0	0.51355	0.5346	0.0	0.0	0.2814	0.0	0.45095003	0.0	0.10560001	0.0	0.0	0.0	0.0	0.0	0.0	0.0	0.0	
0.0	0.0	0.0	0.4665	0.9775	0.0	0.0	0.0	0.0	0.27685	0.8771	0.0	0.90790004	1.0	0.61939996	0.0	0.0	0.7542	0.36485	0.0	0.0	0.0	0.65160006	0.0	0.0	
0.42985	0.0	0.4665	0.0	0.4348	0.0	0.0	0.0	0.23854999	0.41544998	0.43305	0.43855003	0.3199	0.0	0.52225	0.0	0.2732	0.41349998	0.2776	0.0	0.0	0.0	0.382	0.0	0.0	
0.0	0.0	0.9775	0.4348	0.0	0.0	0.0	0.0	0.0	0.0	0.0274	0.53075004	0.7881	0.62375	0.0	0.0	0.0	0.54675	0.45905	0.0	0.0	0.0	0.0	0.0	0.0	
0.27385	0.0	0.0	0.0	0.0	0.0	0.59315	0.97955	0.71349996	0.0	0.0	0.0	0.0	0.0	0.0	0.21265	0.0	0.0	0.0	0.0	0.43835	0.25895	0.0	0.5498	0.20535	
0.14165	0.27125	0.0	0.0	0.0	0.59315	0.0	0.5785	0.42610002	0.0	0.0	0.15015	0.0	0.0	0.0	0.112749994	0.0	0.0	0.0	0.0	0.19055	0.17495	0.0	0.0	0.078099996	
0.2367	0.0	0.0	0.0	0.0	0.97955	0.5785	0.0	0.6636	0.0	0.0	0.0	0.0	0.0	0.0	0.0	0.0	0.0	0.0	0.0	0.2469	0.0	0.0	0.56375	0.0	
0.61004996	0.51355	0.0	0.23854999	0.0	0.71349996	0.42610002	0.6636	0.0	0.0	0.0	0.16645001	0.0	0.0	0.16104999	0.0	0.0	0.0	0.0	0.0	0.0	0.19285	0.0	0.0	0.0	
0.0	0.5346	0.27685	0.41544998	0.0	0.0	0.0	0.0	0.0	0.0	0.0	0.052649997	0.0	0.19370002	0.90690005	0.0	0.46725	0.54165	0.0	0.0	0.0	0.0	0.0	0.0	0.0	
0.0	0.0	0.8771	0.43305	0.0274	0.0	0.0	0.0	0.0	0.0	0.0	0.8645	0.74885005	0.76875	0.63170004	0.0	0.0	0.46580002	0.4175	0.0	0.0	0.0	0.7886	0.0	0.0	
0.4932	0.0	0.0	0.43855003	0.53075004	0.0	0.15015	0.0	0.16645001	0.052649997	0.8645	0.0	0.18924999	0.0	0.35224998	0.0	0.0	0.0	0.2644	0.0	0.0	0.0	0.4053	0.0	0.0	
0.0	0.2814	0.90790004	0.3199	0.7881	0.0	0.0	0.0	0.0	0.0	0.74885005	0.18924999	0.0	0.82789993	0.36355	0.0	0.0	0.28254998	0.26325	0.0	0.0	0.0	0.48794997	0.0	0.0	
0.0	0.0	1.0	0.0	0.62375	0.0	0.0	0.0	0.0	0.19370002	0.76875	0.0	0.82789993	0.0	0.4111	0.0	0.0	0.0	0.28225002	0.0	0.0	0.0	0.70199996	0.0	0.0	
0.51935	0.45095003	0.61939996	0.52225	0.0	0.0	0.0	0.0	0.16104999	0.90690005	0.63170004	0.35224998	0.36355	0.4111	0.0	0.0	0.63585	0.55015	0.36135003	0.0	0.0	0.0	0.53059995	0.0	0.0	
0.0	0.0	0.0	0.0	0.0	0.21265	0.112749994	0.0	0.0	0.0	0.0	0.0	0.0	0.0	0.0	0.0	0.0	0.0	0.0	0.31765	0.06485	0.0	0.0	0.0	0.7029	
0.33985	0.10560001	0.0	0.2732	0.0	0.0	0.0	0.0	0.0	0.46725	0.0	0.0	0.0	0.0	0.63585	0.0	0.0	0.11485	0.0	0.0	0.0	0.11715	0.0	0.0	0.0	
0.0	0.0	0.7542	0.41349998	0.54675	0.0	0.0	0.0	0.0	0.54165	0.46580002	0.0	0.28254998	0.0	0.55015	0.0	0.11485	0.0	0.40644997	0.0	0.0	0.0	0.45209998	0.0	0.0	
0.0	0.0	0.36485	0.2776	0.45905	0.0	0.0	0.0	0.0	0.0	0.4175	0.2644	0.26325	0.28225002	0.36135003	0.0	0.0	0.40644997	0.0	0.0	0.0	0.0	0.66324997	0.0	0.0	
0.0346	0.0	0.0	0.0	0.0	0.0	0.0	0.0	0.0	0.0	0.0	0.0	0.0	0.0	0.0	0.31765	0.0	0.0	0.0	0.0	0.0	0.39055002	0.0	0.0	0.4651	
0.0	0.0	0.0	0.0	0.0	0.43835	0.19055	0.2469	0.0	0.0	0.0	0.0	0.0	0.0	0.0	0.06485	0.0	0.0	0.0	0.0	0.0	0.162	0.0	0.4954	0.21970001	
0.0	0.0	0.0	0.0	0.0	0.25895	0.17495	0.0	0.19285	0.0	0.0	0.0	0.0	0.0	0.0	0.0	0.11715	0.0	0.0	0.39055002	0.162	0.0	0.0	0.0	0.1382	
0.0	0.0	0.65160006	0.382	0.0	0.0	0.0	0.0	0.0	0.0	0.7886	0.4053	0.48794997	0.70199996	0.53059995	0.0	0.0	0.45209998	0.66324997	0.0	0.0	0.0	0.0	0.0	0.0	
0.0	0.0	0.0	0.0	0.0	0.5498	0.0	0.56375	0.0	0.0	0.0	0.0	0.0	0.0	0.0	0.0	0.0	0.0	0.0	0.0	0.4954	0.0	0.0	0.0	0.0	
0.06895	0.0	0.0	0.0	0.0	0.20535	0.078099996	0.0	0.0	0.0	0.0	0.0	0.0	0.0	0.0	0.7029	0.0	0.0	0.0	0.4651	0.21970001	0.1382	0.0	0.0	0.0	
